010
010
010
010
010
010
010
010
010
010
010
010
010
010
010
010
010
010
022
022
022
022
022
022
022
022
022
022
022
022
022
022
022
022
022
022

0311
0311
0311
0311
0311
0311
0311
0311
0311
0311
0311
0311
0311
0311
0311
0311
0311
0311
0311
0311
0311
0311
0311
0311
0315
0315
0315
0315
0315
0315
0315
0315
0315
0315
0315
0315
0315
0315
0315
0315
0335
0335
0335
0335
0335
0335
0335
0335
0335
0310
0310
0310
0310
0310
0310
0310
0310
0310
0310
0310
0310
0310
0310
0310
0310
0310
0310
0310
0310
0319
0319
0319
0319
0319
0319
0319
0319
0319
0319
0319
0319
0319
0319
0319
0319
0319
0319
0319
0319
0312
0312
0312
0312
0312
0312
0312
0312
0312
0312
0312
0312
0312
0312
0312
0312
0312
0312
0312
0312
0312
0312
0312
0312
0312
0312
0313
0313
0313
0313
0313
0313
0313
0313
0313
0313
0313
0313
0313
0313
0313
0313
0313
0313
0314
0314
0314
0314
0314
0314
0314
0314
0314
0314
0314
0314
0314
0317
0317
0317
0317
0317
0317
0317
0317
0317
0317
0317
0317
0317
0317
0317
0317
0317
0317
0316
0316
0316
0316
0316
0316
0316
0316
0316
0316
0316
0316
0318
0318
0318
0318
0318
0318
0318
0318
0318
0318
0318
0318
0318

0351
0351
0351
0351
0351
0351
0351
0351
0351
0351
0351
0351
0352
0352
0352
0352
0352
0352
0352
0352
0352
0352
0352
0352
0353
0353
0353
0353
0353
0353
0353
0355
0355
0355
0355
0355
0355
0355
0355
0355
0355
0355
0355
0355
0355
0356
0356
0356
0356
0356
0356
0356
0356
0349
0349
0349
0349
0349
0349
0349
0349
0354
0354
0354
0354
0354
0354
0354
0354
0354
0354
0354
0354
0354
0359
0359
0359
0359
0359
0359
0359
0359
0359
0359
0359
0359
0359
0359
0359
0350
0350
0350
0350
0350
0350
0350
0350
0350
0350
0350
0350
0350
0350
0350
0350
0357
0357
0357
0357
0357
0357
0357
0357
0357
0357
0357
0357
0357
0357
0357
0357
0357
0357
0357
0358
0358
0358
0358
0358
0358
0358
0358
0358
0358
0358
0358
0358
0358
0358

0471
0471
0471
0471
0471
0471
0471
0471
0471
0471
0471
0472
0472
0472
0472
0472
0472
0472
0472
0472
0472
0472
0473
0473
0473
0473
0473
0476
0476
0476
0476
0476
0476
0476
0476
0476
0476
0476
0476
0476
0476
0475
0475
0475
0475
0475
0475
0475
0475
0475
0475
0477
0477
0477
0477
0477
0477
0477
0477
0477
0477
0477
0470
0470
0470
0470
0470
0470
0470
0470
0470
0470
0470
0470
0470
0470
0470
0470
0478
0478
0478
0478
0478
0478
0478
0478
0478
0474
0474
0474
0474
0474
0474
0474
0474
0474
0474
0474
0474
0474
0482
0482
0482
0482
0482
0482
0482
0479
0479
0479
0479
0479
0479
0479
0479
0479
0479
0479
0479
0479
0483
0483
0483
0483

024
024
024
024
024
024
024
024
024
024
024
024
024
024
024
0411
0411
0411
0411
0411
0411
0411
0411
0411
0411
0411
0411
0412
0412
0412
0412
0412
0412
0412
0412
0412
0413
0413
0413
0413
0413
0413
0413
0413
0413
0414
0414
0414
0414
0414
0414
0414
0414
0415
0415
0415
0415
0415
0415
0415
0415
0416
0416
0416
0416
0416
0416
0416
0416
0416
0417
0417
0417
0417
0417
0417
0417
0417
0418
0418
0418
0418
0418
0418
0418
0418
0418
0419
0419
0419
0419
0419
0419
0419
0419
0419
0427
0427
0427
0427
0427
0427
0410
0410
0410
0410
0410
0410
0410
0410
0410
0421
0421
0421
0421
0421
0421
0421
0421
0421
0429
0429
0429
0429
0429
0429
0429
0429

0431
0431
0431
0431
0431
0431
0431
0431
0431
0431
0431
0431
0432
0432
0432
0432
0432
0432
0432
0432
0432
0432
0432
0434
0434
0434
0434
0434
0434
0434
0434
0437
0437
0437
0437
0437
0437
0435
0435
0435
0435
0435
0435
0435
0435
0435
0439
0439
0439
0439
0439
0439
0439
0439
0438
0438
0438
0438
0438
0438
0438
0436
0436
0436
0436
0436
0436
0436
1433
1433
1433
1433
1433
1433
1433
1433
1433

0451
0451
0451
0451
0451
0451
0451
0451
0451
0451
0451
0451
0451
0451
0451
0451
0451
0451
0451
0451
0452
0452
0452
0452
0452
0452
0452
0452
0452
0452
0452
0452
0452
0452
0452
0452
0452
0452
0467
0467
0467
0467
0467
0467
0467
0467
0467
0467
0467
0468
0468
0468
0468
0468
0468
0468
0468
0468
0468
0469
0469
0469
0469
0469
0469
0469
0469
0469
0469
0459
0459
0459
0459
0459
0459
0459
0459
0459
0459
0459
0458
0458
0458
0458
0458
0458
0458
0458
0458
0458
0458
0458
0458
0454
0454
0454
0454
0454
0454
0454
0454
0454
0454
0454
0454
0464
0464
0464
0464
0464
0464
0453
0453
0453
0453
0453
0453
0453
0453
0453
0453
0453
0453
0456
0456
0456
0456
0456
0456
0456
0456
0455
0455
0455
0455
0455
0455
0455
0455
0455
0455
0455
0455
0457
0457
0457
0457
0457
021
021
021
021
021
021
021
021
021
021
021
021
021
021
021
021
021
021

025
025
025
025
025
025
025
025
025
025
025
025
025
0510
0510
0510
0510
0510
0510
0510
0510
0510
0516
0516
0516
0516
0516
0516
0516
0516
0516
0516
0516
0516
0519
0519
0519
0519
0519
0519
0519
0519
0512
0512
0512
0512
0512
0512
0512
0512
0512
0512
0512
0512
0513
0513
0513
0513
0513
0513
0513
0513
0513
0518
0518
0518
0518
0518
0518
0518
0518
0517
0517
0517
0517
0517
0517
0517
0517
0517
0515
0515
0515
0515
0515
0515
0515
0515
0515
0515
0515
0514
0514
0514
0514
0514
0514
0514
0514
0511
0511
0511
0511
0511
0511
0511
0511
0523
0523
0523
0523
0523
0523
0523
0523
0527
0527
0527
0527
0527
0527
0527

0571
0571
0571
0571
0571
0571
0571
0571
0571
0571
0571
0571
0571
0571
0571
0574
0574
0574
0574
0574
0574
0574
0574
0574
0574
0574
0574
0577
0577
0577
0577
0577
0577
0577
0577
0577
0577
0577
0577
0577
0577
0573
0573
0573
0573
0573
0573
0573
0573
0573
0572
0572
0572
0572
0572
0572
0572
0575
0575
0575
0575
0575
0575
0575
0575
0579
0579
0579
0579
0579
0579
0579
0579
0579
0579
0579
0570
0570
0570
0570
0570
0570
0570
0570
0580
0580
0580
0580
0580
0580
0576
0576
0576
0576
0576
0576
0576
0576
0576
0576
0576
0578
0578
0578
0578
0578
0578
0578
0578
0578
0578
0578

0551
0551
0551
0551
0551
0551
0551
0551
0551
0551
0551
0553
0553
0553
0553
0553
0553
0553
0553
0553
0552
0552
0552
0552
0552
0552
0552
0552
0552
0554
0554
0554
0554
0554
0554
0554
0554
0554
0555
0555
0555
0555
0555
0555
0555
0555
0561
0561
0561
0561
0561
0561
0562
0562
0562
0562
0562
0562
0556
0556
0556
0556
0556
0556
0556
0556
0556
0556
0556
0556
0559
0559
0559
0559
0559
0559
0559
0559
0559
0550
0550
0550
0550
0550
0550
0550
0550
0550
0550
1558
1558
1558
1558
1558
1558
1558
1558
1558
1558
0557
0557
0557
0557
0557
0557
0557
0564
0564
0564
0564
0564
0564
0564
0564
0564
0558
0558
0558
0558
0558
0558
0566
0566
0566
0566
0566
0566
0563
0563
0563
0563
0563
0563
0563
0563
0563

0591
0591
0591
0591
0591
0591
0591
0591
0591
0591
0591
0591
0591
0591
0591
0592
0592
0592
0592
0592
0592
0592
0592
0594
0594
0594
0594
0594
0594
0594
0598
0598
0598
0598
0598
0598
0598
0598
0598
0598
0598
0598
0598
0598
0595
0595
0595
0595
0595
0595
0595
0595
0595
0595
0595
0595
0595
0595
0596
0596
0596
0596
0596
0596
0596
0596
0596
0596
0596
0596
0596
0599
0599
0599
0599
0599
0599
0599
0599
0599
0599
0599
0599
0597
0597
0597
0597
0597
0597
0597
0597
0597
0593
0593
0593
0593
0593
0593
0593
0593
0593
0593
0593

0791
0791
0791
0791
0791
0791
0791
0791
0791
0791
0791
0798
0798
0798
0798
0798
0798
0799
0799
0799
0799
0799
0799
0799
0792
0792
0792
0792
0792
0792
0792
0792
0792
0792
0792
0792
0792
0792
0792
0790
0790
0790
0790
0701
0701
0701
0701
0701
0797
0797
0797
0797
0797
0797
0797
0797
0797
0797
0797
0797
0797
0797
0797
0797
0797
0797
0797
0797
0796
0796
0796
0796
0796
0796
0796
0796
0796
0796
0796
0796
0796
0796
0796
0795
0795
0795
0795
0795
0795
0795
0795
0795
0795
0795
0795
0794
0794
0794
0794
0794
0794
0794
0794
0794
0794
0794
0794
0794
0793
0793
0793
0793
0793
0793
0793
0793
0793
0793
0793
0793
0793
0793

0531
0531
0531
0531
0531
0531
0531
0531
0531
0531
0531
0531
0532
0532
0532
0532
0532
0532
0532
0532
0532
0532
0532
0532
0533
0533
0533
0533
0533
0533
0533
0533
0533
0533
0632
0632
0632
0632
0632
0632
0632
0632
0546
0546
0546
0546
0546
0546
0546
0535
0535
0535
0535
0535
0535
0535
0535
0535
0535
0535
0535
0535
0536
0536
0536
0536
0536
0536
0536
0536
0536
0536
0536
0536
0536
0536
0537
0537
0537
0537
0537
0537
0537
0537
0537
0537
0537
0537
0537
0538
0538
0538
0538
0538
0538
0538
0538
0631
0631
0631
0631
0631
0631
0633
0633
0633
0633
0633
0633
0531
0531
0539
0539
0539
0539
0539
0539
0539
0539
0539
0539
0539
0539
0539
0539
0534
0534
0534
0534
0534
0534
0534
0534
0534
0534
0534
0534
0534
0635
0635
0635
0635
0635
0635
0635
0635
0635
0635
0543
0543
0543
0543
0543
0543
0543
0543
0543
0530
0530
0530
0530
0530
0530
0530
0530
0530
0530
0530

0371
0371
0371
0371
0371
0371
0371
0371
0371
0371
0371
0371
0371
0371
0378
0378
0378
0378
0378
0378
0378
0378
0378
0378
0378
0379
0379
0379
0379
0379
0379
0379
0379
0379
0379
0379
0379
0379
0379
0379
0379
0379
0375
0375
0375
0375
0375
0375
0375
0375
0375
0375
0375
0375
0372
0372
0372
0372
0372
0372
0372
0372
0372
0372
0372
0392
0392
0392
0392
0392
0392
0392
0373
0373
0373
0373
0373
0373
0373
0373
0373
0373
0373
0373
0373
0373
0391
0391
0391
0391
0391
0391
0391
0391
0391
0391
0391
0391
0393
0393
0393
0393
0393
0393
0393
0393
0374
0374
0374
0374
0374
0374
0374
0374
0395
0395
0395
0395
0395
0395
0395
0398
0398
0398
0398
0398
0398
0398
0398
0377
0377
0377
0377
0377
0377
0377
0377
0377
0377
0377
0377
0377
0377
0377
0370
0370
0370
0370
0370
0370
0370
0370
0370
0370
0370
0376
0376
0376
0376
0376
0376
0376
0376
0376
0376
0376
0376
0394
0394
0394
0394
0394
0394
0394
0394
0394
0394
0394
0394
0396
0396
0396
0396
0396
0396
0396
0396
0396
0396
0396
0396
1391

027
027
027
027
027
027
027
027
027
027
027
027
027
027
027
0714
0714
0714
0714
0714
0714
0714
0714
0719
0719
0719
0719
0719
0719
0719
0719
0719
0719
0717
0717
0717
0717
0717
0717
0717
0717
0717
0717
0717
0717
0717
0717
0717
0710
0710
0710
0710
0710
0710
0710
0710
0710
0710
0710
0711
0711
0711
0711
0711
0724
0724
0724
0724
0724
0724
0724
0712
0712
0712
0712
0712
0712
0712
0712
0712
0716
0716
0716
0716
0716
0716
0716
0716
0716
0716
0713
0713
0713
0713
0713
0713
0713
0713
0713
0713
0713
0713
0715
0715
0715
0715
0715
0715
0715
0715
0722
0722
0722
0722
0722
0718
0718
0718
0718
0718
0718
0718
0718
0718
0728
2728
1728
1719

0731
0731
0731
0731
0731
0731
0731
0731
0731
0731
0731
0733
0733
0733
0733
0733
0733
0733
0733
0733
0733
0733
0732
0732
0732
0732
0732
0732
0732
0734
0734
0734
0734
0734
0734
0734
0734
0734
0734
0734
0734
0734
0734
0739
0739
0739
0739
0739
0739
0739
0739
0739
0739
0739
0739
0739
0739
0730
0730
0730
0730
0730
0730
0730
0730
0730
0730
0730
0736
0736
0736
0736
0736
0736
0736
0736
0736
0736
0736
0744
0744
0744
0744
0744
0744
0737
0737
0737
0737
0737
0737
0737
0737
0735
0735
0735
0735
0735
0735
0735
0735
0735
0735
0735
0735
0735
0746
0746
0746
0746
0746
0746
0746
0746
0746
0746
0746
0746
0746
0745
0745
0745
0745
0745
0745
0745
0745
0745
0745
0745
0745
0745
0745
0738
0738
0738
0738
0738
0738
0738
0743
0743
0743
0743
0743
0743
0743
0743
0743

020
020
020
020
020
020
020
020
020
020
020
020
020
0751
0751
0751
0751
0751
0751
0751
0751
0751
0751
0751
0751
0755
0755
0755
0755
0755
0755
0755
0755
0755
0755
0755
0756
0756
0756
0756
0756
0754
0754
0754
0754
0754
0754
0754
0754
0754
0757
0757
0757
0757
0757
0757
0757
0750
0750
0750
0750
0750
0750
0750
0750
0750
0759
0759
0759
0759
0759
0759
0759
0759
0759
0759
0759
0668
0668
0668
0668
0668
0668
0668
0758
0758
0758
0758
0758
0758
0758
0758
0758
0758
0752
0752
0752
0752
0752
0752
0752
0753
0753
0753
0753
0753
0753
0753
0753
0753
0753
0660
0660
0660
0660
0660
0660
0762
0762
0762
0762
0762
0762
0762
0762
0662
0662
0662
0662
0662
0662
0763
0763
0763
0763
0763
0763
0763
0763
0763
0763
0769
0760

0768
0768
0768
0768
0768
0663
0663
0663
0663
0663
0663
0663
0766
0766
0766
0766
0766
0766
0766

0771
0771
0771
0771
0771
0771
0771
0771
0771
0771
0771
0771
0771
0771
0772
0772
0772
0772
0772
0772
0772
0772
0772
0772
0772
0772
0773
0773
0773
0773
0773
0773
0773
0773
0773
0773
0773
0773
0773
0773
0773
0773
0773
0773
0773
0774
0774
0774
0774
0774
0774
0774
0774
0774
0779
0779
0779
0779
0779
0779
0770
0770
0770
0770
0770
0770
0777
0777
0777
0777
0777
0777
1755
1755
1755
1755
1755
1755
1755
0775
0775
0775
0775
0775
0775
0775
0775
0775
0776
0776
0776
0776
0776
0776
0776
0776
0776
0776
0776
0776
0776
0776
1774
1774
1774
1774
1774
1774
1774
0778
0778
0778
0778
0778
0778
0778
0778
0778
0778
0778
0778
0778
1772
1772
1772
1772
1772
1772
1772
1772
1771
1771
1771
1771
1771
1771
1771
1771
1771

0898
0898
0898
0898
0898
0898
0899
0899
0899
0899
0899
0899
2898
2898
2898
0805
1897
1894
1893
1898
0807
0806
1892
0804
1896
0802
0803
2802
0809
0801
1899
023
023
023
023
023
023
023
023
023
023
023
023
023
023
023
023
023
023
023
023
023
023
023
023
023
023
023
023
023
023
023
023
023
023
023
023
023
023
023
023
023

028
028
028
028
028
028
028
028
028
028
028
028
028
028
028
028
028
028
028
028
028
028
0813
0813
0813
0813
0813
0813
0813
0813
0812
0812
0812
0812
0812
0812
0812
0830
0830
0830
0830
0830
0830
0830
0830
0830
0838
0838
0838
0838
0838
0838
0838
0838
0816
0816
0816
0816
0816
0816
0816
0816
0816
0816
0816
0839
0839
0839
0839
0839
0839
0839
0839
0839
0825
0825
0825
0825
0825
0825
0825
1832
1832
1832
1832
1832
1832
1832
0833
0833
0833
0833
0833
0833
0833
0833
0833
0833
0833
0833
0833
0817
0817
0817
0817
0817
0817
0817
0817
0817
0817
0817
1833
1833
1833
1833
1833
1833
1833
1833
0831
0831
0831
0831
0831
0831
0831
0831
0831
0831
0831
0831
0826
0826
0826
0826
0826
0826
0826
0826
0818
0818
0818
0818
0818
0818
0818
0818
0818
0835
0835
0835
0835
0835
0835
0835
0835
0835
0835
0827
0827
0827
0827
0827
0827
0827
0832
0832
0832
0832
0832
0837
0837
0837
0837
0837
0837
0837
0837
0837
0837
0837
0837
0837
0837
0836
0836
0836
0836
0836
0836
0836
0836
0836
0836
0836
0836
0836
0836
0836
0836
0836
0836
0836
0834
0834
0834
0834
0834
0834
0834
0834
0834
0834
0834
0834
0834
0834
0834
0834
0834
0834

0851
0851
0851
0851
0851
0851
0851
0851
0851
0851
0851
0851
0858
0858
0858
0858
0858
0852
0852
0852
0852
0852
0852
0852
0852
0852
0852
0852
0852
0852
0852
0852
0852
0853
0853
0853
0853
0853
0853
0853
0853
0857
0857
0857
0857
0857
0857
0857
0857
0857
0856
0856
0856
0856
0856
0856
0856
0856
0856
0856
0856
0859
0859
0859
0859
0859
0859
0859
0859
0859
0855
0855
0855
0855
0855
0855
0855
0855
0855
0855
0855
0855
0855
0855
0855
0855
0855
0854
0854
0854
0854
0854
0854
0854
0854
0854
0854
0854
0854
0854

0871
0871
0871
0871
0871
0871
0871
0871
0871
0871
0871
0871
0871
0871
0871
0871
0874
0874
0874
0874
0874
0874
0874
0874
0874
0874
0874
0877
0877
0877
0877
0877
0877
0877
0877
0877
0877
0877
0875
0875
0875
0875
0875
0875
0875
0870
0870
0870
0870
0870
0870
0870
0870
0870
0870
0870
0870
0870
0888
0888
0888
0888
0888
0888
0888
0879
0879
0879
0879
0879
0879
0879
0879
0879
0879
0879
0879
0883
0883
0883
0883
0883
0883
0883
0883
0883
0883
0878
0878
0878
0878
0878
0878
0878
0878
0878
0878
0878
0873
0873
0873
0873
0873
0873
0873
0873
0873
0873
0873
0873
0873
0873
0876
0876
0876
0876
0876
0876
0876
0876
0876
0691
0691
0691
0691
0872
0872
0872
0872
0872
0872
0872
0872
0872
0872
0872
0872
0872
0692
0692
0692
0692
0692
0692
0886
0886
0886
0886
0886
0887
0887
0887
0887

0891
0891
0891
0891
0891
0891
0891
0891
0891
0891
0892
0892
0892
0892
0892
0892
0892
0892
0892
0892
0892
0892
0892
0892
0892
0892
0892
0892
0892
0895
0895
0895
0895
0895
0895
0895
0895
0895
0895
0895
0895
0894
0894
0894
0894
0894
0894
0894
0894
0893
0893
0893
0893
0893
0893
0893
0893
0893
0893
0893
0893
0893
0896
0896
0896
0896
0896
0896
0896
0896
0896
0896
0896
0896
0897
0897
0897
0897
0897
0897
0897
0897

029
029
029
029
029
029
029
029
029
029
029
029
029
029
029
0919
0919
0919
0919
0919
0919
0917
0917
0917
0917
0917
0917
0917
0917
0917
0917
0917
0917
0917
0917
0910
0910
0910
0910
0910
0910
0910
0910
0910
0910
0910
0910
0910
0910
0910
0910
0913
0913
0913
0913
0913
0913
0913
0913
0913
0913
0913
0913
0913
0911
0911
0911
0911
0911
0911
0911
0911
0911
0911
0911
0911
0911
0911
0911
0916
0916
0916
0916
0916
0916
0916
0916
0916
0916
0916
0916
0916
0912
0912
0912
0912
0912
0912
0912
0912
0912
0912
0912
0912
0912
0912
0915
0915
0915
0915
0915
0915
0915
0915
0915
0915
0915
0915
0914
0914
0914
0914
0914
0914
0914
0914
0914

0931
0931
0931
0931
0931
0931
0931
0931
0931
0931
1937
1937
0935
0935
0935
0935
0943
0943
0943
0943
0943
0943
0943
0938
0938
0938
0938
0938
0938
0938
0938
0938
1935
1935
1935
1935
1935
1935
0936
0936
0936
0936
0936
0936
0936
0936
0933
0933
0933
0933
0933
0933
0933
0933
0933
0937
0937
0937
0937
0937
0937
0937
0937
0937
0934
0934
0934
0934
0934
0934
0934
0934
0934
0934
0932
0932
0932
0932
0932
0932
0932
0932
0932
2935
2935
2935
2935
2935
2935
2935
2935
2935
2935
2935
0930
0930
0930
0930
0930
0930
0930
0930
0930
0941
0941
0941
0941
0941
0941
0941
0941
0941

0971
0971
0971
0971
0971
0971
0971
0971
0971
0972
0972
0972
0972
0972
0972
0972
0970
0970
0970
0970
0970
0973
0973
0973
0973
0973
0974
0974
0974
0974
0974
0974
0975
0975
0975
0975
0975
0975
0975
0976
0976
0976
0976
0976
0976
0976
0977
0977
0977
0977
0977
0977
0977
0977

0951
0951
0951
0951
0951
0951
0951
0951
0952
0952
0952
0952
0952
0953
0953
0953
0953
0953
0953
0953
0954
0954
0954
0954
0954
0954
0954
1953
1953
1953
1953
1953

0991
0991
0991
0991
0991
0991
0991
0991
0991
0991
0990
0990
0990
0990
0990
0990
0995
0995
0995
0995
0992
0902
0902
0902
0902
0994
0994
0994
0994
0994
0994
0994
0994
0909
0909
0909
0909
0909
0996
0996
0996
0996
0996
0996
0996
0996
0996
0996
0997
0997
0997
0997
0997
0997
0997
0997
0997
0997
0908
0908
0908
0908
0908
0998
0998
0998
0998
0998
0998
0998
0998
0998
0998
0998
0998
0998
0903
0903
0903
0903
0903
0903
0903
0903
0903
0999
0999
0999
0999
0999
0999
0999
0999
0999
0999
0999
0999
0901
0901
0901
0901
0901
0901
0901
0901
0906
0906
0906
0906
0906
0906
0906
0906
0993
1997
1998
1994
1906
1996
1909
1999
1903
1886
1852
1852
1852
1852
1852
1852
1852
1852
1852
1852
1852
1852
1852
1852
1852
1852
1852
1852
1852
1853
1853
1853
1853
1853
1853
1853
1853
1853
1900
